26777
218934
25380
824042
603068
341040
637648
505124
646379
265922
71432
958003
553939
42394
323943
100952
840634
274366
775620
669276
394611
350394
950355
810782
985021
956250
755224
361981
915484
863964
565694
425255
90607
46684
827952
843804
612117
471068
365751
293304
644970
977043
556368
333892
651002
501284
273016
460316
620461
345238
304969
38402
472382
640840
84709
698223
284571
799115
375681
27064
271245
361891
959263
846709
533615
170782
576451
43904
855407
296478
353173
448949
758787
154580
566400
243248
195994
531254
624462
58828
313545
266615
42932
22399
420088
335096
106618
636327
22979
728716
130690
521026
341749
377440
127427
717147
204693
186282
149519
106434
150906
543231
35909
867890
324829
21296
295236
294538
944618
463774
696353
902359
58520
388939
10580
174175
249103
234427
208458
270145
555749
957440
535698
539267
463023
838613
693796
182566
179092
13416
56431
765832
464180
204616
947075
835465
472071
130848
410771
267153
146502
26232
761796
31182
91137
950890
633871
281547
690254
522377
838399
371958
709463
952126
992148
546941
169431
537811
412977
749440
222961
126984
256150
776970
225380
432328
14631
574317
551823
653607
779245
287770
937058
374928
66897
123847
483817
37829
524294
361616
622184
530542
412522
993997
295204
712018
404715
836689
213272
99778
676871
600971
339415
694216
564465
184364
804638
976306
339838
373873
792654
414221
788666
240874
265181
3351
323282
185397
255124
135394
895101
406330
921911
709259
867377
25227
71188
307489
25225
128582
640701
584139
551770
808116
378947
281484
504865
903250
233508
675858
711317
663922
845324
582120
648905
147395
934297
323130
696942
400285
227848
824806
222230
796819
43579
888364
107156
72972
441332
601802
709238
787216
756152
523063
598804
505462
118394
208628
254475
974538
826588
641483
137105
572424
988825
334172
878640
120897
653608
464784
539658
531538
624984
122963
704460
688634
772143
721866
85969
515565
817509
743803
284716
231497
324739
95879
157943
461210
793467
431868
707328
103086
296530
618726
502116
931426
987410
61213
72057
434053
5998
746855
610784
887675
84178
193182
354953
353000
823300
218734
484612
749919
455074
300144
672800
98085
451241
147813
507073
282852
746091
499462
868650
930906
683793
997539
271398
405616
176763
648571
720175
149370
460536
543319
893431
735111
179081
29521
743171
477019
489433
290836
70111
815684
987878
907798
165139
999641
507830
246437
30795
749944
891010
796968
482073
711689
468827
281884
112319
183219
634271
606179
784768
373339
136841
695285
250144
433601
532389
77804
347315
723215
935751
78968
153014
38565
738427
239363
335246
654112
580254
87406
279661
972379
501545
164108
502523
162340
357585
959522
195776
936926
71963
780031
515670
874501
149800
802459
649037
943856
388875
204001
821437
835920
487143
724473
771275
375961
927315
554488
840
114344
864504
415170
925310
922787
601410
42786
532343
861731
492037
567310
842258
982003
320909
683593
201920
367247
85305
461756
707168
234790
539545
999843
497701
596203
531980
34424
155293
138251
447876
226115
55349
621542
937967
317017
550774
382209
683623
152245
64234
835161
85098
666428
695954
882432
190776
74563
549526
644680
901229
435215
158447
297504
669395
27584
450061
223049
849839
166214
962960
141817
930621
465095
893325
717048
816536
112516
530754
766530
338834
978647
574553
43642
650508
58493
606048
107809
607375
597542
713879
159564
543476
625182
844567
9719
684521
600565
973828
880673
321771
598465
157341
96690
307426
76326
638619
978415
196738
379460
289342
779124
223873
75451
200746
109077
565988
204021
782667
483179
943006
499024
903123
736144
867958
456650
648076
982580
619055
947807
213063
188173
662567
835791
296051
586675
999860
102218
936354
557191
455442
432358
182219
338649
71313
268984
754281
337701
156738
672121
970870
815450
561575
214783
845121
889572
425551
825008
355820
926018
28305
346284
835437
394440
642576
912662
873047
212321
684537
488429
894633
738566
24374
419916
127451
70520
866381
925864
673480
183032
476429
141063
805170
198385
791430
683871
291400
482764
116816
809640
134976
946088
3857
775114
171663
497029
752313
943869
542387
483716
708467
514849
956048
813065
495878
87651
42425
231882
376539
55066
946754
993588
828619
347534
229703
821254
568254
683742
426775
901471
354566
98333
358536
13506
567355
359639
952381
488519
230845
819037
613270
312984
945176
810045
951822
756281
417647
265315
701851
502985
884787
29218
504726
429849
469978
395693
455765
244365
794640
820788
959911
834422
436361
171372
476468
832857
127770
70260
100988
697687
232978
97503
566715
751667
556832
820270
824351
329766
72598
805377
3752
215979
804913
54044
214850
448497
978877
589190
190077
933003
571962
494393
309895
251356
432803
792865
629003
624151
749834
476597
25203
532319
13259
853070
275806
608755
740673
121049
152997
741393
750494
728713
63698
415141
282902
998409
599661
564447
102597
733170
934029
74509
756885
232779
11198
713205
795956
941189
551631
493462
166930
75297
428309
936456
118730
714849
261049
114696
951295
281609
227922
505911
854020
975745
602926
955113
453109
748014
227135
665284
387102
123414
708732
289340
769289
101826
669976
324072
981494
462740
100992
95585
962237
240620
80265
134074
267959
943872
119917
77980
17835
611224
150053
498773
972974
788973
321079
303430
122483
605185
387392
109781
826389
219745
850127
152576
847847
430202
243157
297316
856372
177474
750016
16377
219505
842016
299847
983564
16682
323931
723295
617615
505972
208160
634151
804762
152873
315653
589145
496708
670952
125600
401434
81690
536676
116691
406424
286460
882817
761771
959441
736603
655992
642033
832955
511677
699927
519203
531698
136934
915009
413959
493830
826343
675488
726837
633387
74980
712390
689835
326481
472171
183925
17486
745900
311961
558512
457546
104999
575302
648549
999516
290876
110905
850109
834222
194081
235471
427039
2040
343044
875829
573590
86189
336656
5500
885589
65997
664643
287671
147367
696181
475220
276905
430525
324835
445243
460106
184466
674136
385720
172452
785354
774432
273840
16801
534421
335306
917325
444892
781388
547258
627152
562304
411865
919062
596198
559886
318479
187265
491473
568407
250882
657707
423244
290467
30244
635629
114844
341245
656992
287342
432159
886441
541709
882502
76708
61842
352377
882531
779014
211480
264368
839201
51368
754950
222255
651801
254343
59133
983347
387276
207535
148204
151261
955736
478860
955562
401588
992336
520003
433236
900834
205191
720633
27061
812845
578975
723626
948977
630193
129958
148807
27151
325704
941121
563748
27338
243523
589438
411804
782451
261749
758329
421619
168151
993519
998802
143457
405294
453438
511844
628835
937084
6100
944677
241008
904371
273424
429748
140283
723154
958128
765652
681175
637255
629456
896469
207005
686594
176967
729177
401961
879274
98348
827248
159890
362128
93627
241033
720173
957953
228080
781381
379155
570133
671600
233281
979659
634572
508084
648575
626864
885534
913957
996589
919250
190794
61804
614120
953478
9830
276452
566851
293160
764507
345054
365159
823736
966766
322311
414603
877283
312948
866710
929833
393683
403029
444107
778492
715709
712157
442233
287833
874102
579491
679969
328655
404997
940207
300590
307045
917726
914990
142514
429717
675356
134478
566568
674747
540752
121733
513093
335636
831628
779066
224879
290342
158591
874850
125990
484889
85131
259712
59726
521907
100733
636102
342729
863422
813965
128733
542027
433327
878567
304144
647989
530968
843062
303396
642492
593867
223603
163472
951458
854168
809930
8116
61193
451229
537285
487079
777064
535364
242557
303795
372332
461107
914387
926301
628887
989122
176143
384936
965216
790448
133259
284136
102820
325978
590473
839180
649609
771143
399884
445432
310075
788114
390917
977264
832024
127454
829403
86217
285914
55726
293688
702266
758485
957705
403250
102708
994805
958200
118523
401504
955052
27626
559821
954621
739001
500048
951396
703515
686600
712068
10622
651466
747787
572757
858861
543967
539317
881671
42994
153827
993197
194972
785430
267161
833908
137672
801539
237124
369028
294531
843255
333212
139394
481245
70287
745971
729401
801250
476895
219433
287148
693489
217183
585358
608422
884708
655361
571411
457808
719440
206885
439381
225435
978014
656171
752521
891808
690479
679194
976079
671577
895364
87336
442219
684865
3070
328151
964404
132882
282178
240079
224447
317399
719807
90801
732116
555843
584266
807202
62692
482064
700190
210907
719234
916482
415766
143716
347189
250196
13767
976156
809056
709540
216947
71817
849272
24112
569262
452749
764987
993643
910139
87741
796738
447324
253075
252914
992352
761501
802444
263434
605610
680923
969660
1993
980344
411189
374460
981226
536189
909991
271941
640706
192944
641298
682827
737374
242281
820453
746289
713822
668617
179460
823368
894294
58072
71628
653378
845913
114816
634313
111369
92256
272465
888791
822420
445497
783807
41306
206717
976218
317895
791479
316984
359465
67084
831
93224
19358
587954
186364
820961
338015
850103
656186
811970
810857
775113
598154
574074
152603
676916
280962
590036
319994
611584
23091
13011
611311
577699
234595
852617
848382
531756
640102
805287
843992
270538
899437
210282
6834
162592
666501
486543
571397
104667
319138
998922
973832
845977
753814
965040
982573
228641
42980
613401
801103
827472
867319
109447
147112
654620
331683
344615
987132
156877
622956
789538
305361
262309
656453
286480
551675
251101
81197
26471
444604
467585
363726
243039
534801
619860
172624
110267
171527
60844
371413
46958
310212
155050
716473
867804
406850
209633
355077
825363
693896
220012
356414
548921
218614
143084
6525
747928
718575
443913
187847
990860
120754
14310
951485
264652
413872
213820
978824
42531
53108
35149
529016
74618
702366
981241
263992
461822
381495
704643
823086
543246
549450
734221
715358
194285
593718
719467
535660
826742
204970
702541
73237
540453
173907
484275
176292
265179
140845
427547
485408
697218
802808
720301
697881
444345
834777
453297
681743
373882
362925
284921
48007
48119
240174
893734
57810
176807
605736
429014
162599
37882
942492
152838
876392
982696
312125
862889
347088
845263
839645
737948
503539
568440
150679
539272
505250
482940
744108
777419
504536
664052
460315
261235
253882
319765
209343
942247
759612
4374
844906
543338
713775
515154
603034
174026
66597
385115
191691
427572
78078
84783
887227
86573
297143
162135
463956
422417
118089
381863
73066
125708
116418
72867
609490
25141
360691
152912
842983
967501
851177
583799
431437
87087
715703
436027
923328
140845
851873
876280
497344
623086
177942
95006
410163
633624
932497
499812
988016
411991
632813
737897
189624
29447
750707
898793
5502
656561
412394
17066
383258
413333
943423
815340
472250
48827
926743
370522
186092
364314
741307
502266
934142
64024
498159
719214
21302
818807
610158
975952
893158
13496
204669
451333
594473
867144
940164
244071
432119
710305
762391
300542
720287
113177
941804
542493
547690
218948
46969
163518
678670
903078
582060
72276
192858
228448
888165
7287
848236
382047
27625
68033
471832
888767
506964
552212
614246
318575
561969
571985
674367
168698
473996
695141
755424
614571
567472
511342
652180
893010
255647
405702
193000
280764
947006
884906
47641
426427
387273
355193
865499
393331
261489
761214
918942
274897
460330
416281
825233
293986
641939
362565
800077
923825
447057
150915
7556
830578
784106
286836
430301
119313
757650
64270
701943
322368
270678
855733
397040
426336
946278
915165
833899
496258
925920
268492
596778
448170
993202
987071
612857
223546
94427
234883
852533
208614
604768
107451
578576
438519
269706
587887
425237
853444
183086
305957
160536
909905
874686
897544
904813
61999
176679
697577
901120
11915
474150
935212
381035
683659
915683
240407
487369
440226
54479
963070
201411
623818
978021
351305
442067
103970
594419
586150
366970
561605
72832
944264
671777
798443
780932
969260
850710
635738
649696
654524
406777
659974
608822
801499
99847
814534
250591
708415
225388
234151
950822
769909
977730
496043
874809
791685
72577
355723
142581
655562
3567
811480
232593
750211
461723
222793
800233
729365
289808
498983
10970
769814
772214
210396
25380
543098
290714
196839
592352
727397
990747
399189
688490
156219
659051
111422
469751
104251
670818
98171
42736
158742
102457
677021
714785
68697
987853
196038
206121
549334
479844
115551
675225
509368
9328
1732
267194
44420
887979
618656
419862
175756
573968
203707
259753
357375
731298
853889
806922
293095
178444
488580
317272
620415
862525
701090
632937
620971
307254
278963
549556
507165
310100
406833
166198
86354
60666
255363
567161
637257
319689
775210
144911
994121
382377
932295
426393
511360
202635
888079
911747
983952
649905
523352
701406
92084
447610
132826
765653
591649
266133
855806
991567
188656
721112
150322
810558
468497
492860
635585
498708
770547
603128
557385
511865
974004
162797
465603
680327
124035
718478
607593
430273
336855
588560
294075
560798
342633
103289
47705
81279
939425
983103
885929
444192
760114
991575
850637
330555
4373
538019
836147
56496
538213
626064
248733
416532
1272
671528
965958
465272
629883
171986
375554
275915
252093
279387
157476
61907
255464
176759
183520
716828
358257
382817
442578
778658
846744
528414
363165
120261
490946
459288
21864
414659
525033
619460
443532
2508
128329
885015
810228
67690
360338
365853
114270
521671
436383
679020
19642
536782
193817
143353
105399
19204
312784
321996
357037
172528
328528
491133
236861
96856
228728
13891
48970
485749
576701
203813
201087
715174
830400
595102
577948
292820
785596
208484
591632
917189
700637
800481
274365
975510
671927
563082
367442
117493
2016
623547
991944
922751
873884
985347
750589
2252
353703
911491
187489
598963
691681
312045
715333
830484
280463
567436
100999
413660
367863
494078
707041
291148
799851
556487
534553
558873
169576
759475
665501
61201
422734
982908
712460
120408
44634
304604
100535
964186
81188
700110
183891
869886
361538
709269
769385
327866
782834
398083
111368
410060
655177
556121
869719
842080
230031
828333
576059
19184
446357
227022
860818
913924
954019
53039
893598
197955
711739
556167
129091
165204
778892
838201
96549
243322
95136
271838
30066
185083
542668
145913
700239
673928
294403
894826
387172
257815
836478
934855
124346
372213
356668
785318
749760
364575
530521
705533
756845
116557
532360
57648
859097
33672
450093
959867
502314
346575
25463
202980
127785
187934
372001
607828
95155
958829
440063
674581
237601
41002
881293
154837
28227
476621
971330
441563
893838
464277
894519
152422
862926
201663
796311
94803
100083
496514
200699
435927
599896
219792
983767
550745
578824
574885
571521
579845
82659
826624
817970
720323
105597
799183
145989
173876
382132
319365
585346
865131
149936
374032
509056
271419
430849
674961
584280
323247
690728
345860
472218
724600
656010
136427
602014
949656
372375
77705
193796
654064
726191
624850
93894
77104
546782
139750
409361
762814
460288
886785
133899
424713
904512
7767
867559
162979
872962
841166
893937
513120
318294
925482
57585
348450
370750
24069
534683
585185
290993
494424
926060
323440
513920
240981
491857
90925
831630
834668
726020
864384
639434
575968
495559
503090
530788
72976
77825
695772
52779
465851
807199
765980
623356
398121
675671
233700
368626
584369
991622
809267
77558
574231
186010
774493
597643
654874
448510
981126
904876
396851
628494
908702
235901
354618
137576
487901
927489
587409
335645
978672
551884
693044
272816
785681
979404
806496
223500
181565
826177
839811
111315
893920
291577
104590
392698
187615
898054
764626
827124
819167
79540
395249
773250
870344
359652
216854
696048
532300
407774
425943
138030
50028
861366
539974
623902
467645
987470
444316
982795
700459
322891
771694
6233
202851
843771
714702
504114
270367
123390
402870
741014
181277
896352
203518
387182
680895
86865
302637
806482
374895
663903
659368
378513
317213
116694
962454
800228
609532
998600
362455
116054
738512
863189
305236
155702
507158
326777
2409
724830
590828
467295
478418
572539
430146
63084
510520
584694
53851
49970
626889
6821
420885
116018
886926
586596
546761
285398
517425
397253
51157
563235
882463
242280
310328
559975
195164
149126
811137
91065
180293
760881
404210
354515
568712
383861
422204
552775
879573
543115
583983
229928
136495
899823
13635
646527
699831
301494
85703
101214
622128
736162
847245
254707
216649
148164
851808
954172
347640
116759
37383
676049
415026
248938
192180
364741
473008
823719
124198
212357
129818
977961
869533
451097
847137
3062
600060
729693
888636
658988
45301
484868
420832
83882
748738
571153
914574
460019
40823
57526
390161
73544
414677
490780
581369
77919
698528
316387
375500
269512
86845
359665
79678
696274
964951
977904
84470
402046
221684
256038
732065
905885
498307
852344
733903
240081
135399
849793
521060
665763
475433
753295
301073
871848
268726
471881
29775
256453
945783
388275
245457
265624
569231
844914
183239
838098
975682
608375
674707
982382
336895
455470
580777
842317
564590
78574
346628
819467
682685
9661
368992
64985
562950
609333
410727
606079
203490
876762
297134
267802
829797
996645
739940
260793
936049
720324
143274
878793
883325
784578
539891
251978
331437
9221
719690
370599
13635
702320
710536
15662
576579
634742
993870
525918
512816
857162
31695
675225
34270
566147
193538
163479
15337
298636
53528
7059
646374
317800
620596
873626
76600
575401
405429
188421
402896
484714
60591
123718
461207
356695
528323
681878
267653
565480
132745
819758
320470
517205
415393
497093
21163
549861
46490
153999
602290
797939
470507
916732
922078
220165
860611
93299
238241
775694
566586
817803
6011
778914
275904
833303
292845
471878
740093
752607
807847
861446
495091
307503
269226
875829
150176
75499
983809
879924
180726
483722
896802
715939
405664
870602
798233
401080
551690
970230
722267
335935
92088
422549
31587
769627
67635
682088
642941
713289
381882
361104
399449
180484
242605
247292
277769
677982
234222
423401
33986
300703
268080
269835
944273
180860
177295
233631
603125
398962
303348
548485
478379
217799
787472
541187
299291
876286
674386
135653
213876
702427
924733
787115
123016
58358
731594
814016
243725
719279
238818
894162
966185
117716
777164
46449
139118
680701
490186
452790
113165
245647
426443
678623
835728
268656
507838
224935
391427
948773
33104
620172
489657
133007
874084
911320
42624
995258
636802
669970
675484
609082
520214
984462
677776
447262
489669
383578
703860
621469
984146
892409
171399
243515
230946
392636
306390
626210
670841
300011
769175
494819
586814
224688
950502
748434
781265
404567
710222
117416
500215
996555
630488
13945
528299
871242
859514
844430
171495
208982
266609
679077
980630
643795
146124
588927
560101
747732
870971
488204
821189
491371
893672
565409
989758
805807
987585
728950
621715
48867
957780
935607
309360
725236
948816
615006
362469
317512
403289
605968
414095
551652
945450
858749
415234
393889
190027
571248
764510
571973
810321
104714
441040
82378
40477
802356
660006
895695
590901
937019
911629
247037
956006
958486
180418
59823
410568
128028
579634
506263
472197
431282
595972
709306
96763
817958
739629
669933
724270
459147
611045
464851
369211
269224
636326
368848
491587
503095
759576
537890
145617
472018
816280
512161
712836
884471
123532
669223
279180
817906
388329
347503
759371
455220
971047
960746
31171
855218
152278
310964
440247
755804
345065
431231
199318
179499
866241
260214
862078
332038
379636
345649
507216
143918
232812
818429
903283
405755
889102
308325
502582
57949
115552
865293
316639
238439
394702
462892
989741
202354
475326
223183
999860
286077
314495
479313
931793
754120
590306
164011
546200
802815
137249
303055
202841
815899
24118
798557
265827
926915
999691
310471
940417
477028
204930
184712
242369
248500
172730
149702
898081
642961
351139
681232
657650
60213
68832
900809
441636
199627
420784
168013
95230
98704
999952
613223
696434
565245
560257
981897
788685
165544
648046
802352
826909
888197
582252
343372
157608
399022
556227
507392
222532
97548
76244
587097
360095
459101
638887
616532
857382
656062
132715
877457
598010
421858
812234
247210
289330
366849
473696
333719
214376
380291
482872
943094
64939
80535
812899
341315
562438
959957
426891
548984
492147
697703
483490
987115
666855
564789
291553
825681
486139
191252
120578
727919
656462
270245
73311
241411
930278
669281
435812
496960
565953
681603
302986
276898
966041
825410
654087
573603
401666
209804
656319
204928
630794
602364
203076
569695
35441
537818
87493
266444
997431
280238
778475
605430
665238
670266
674911
525665
29033
705758
200751
806473
311028
795074
616061
955374
25144
53856
612030
185349
391470
784323
491093
225459
995208
33926
198948
707038
508602
449450
965557
568530
836005
874964
627405
55853
744617
435786
801111
216214
159497
64387
676106
772189
166189
158002
960588
720776
222090
264768
643501
30181
370839
79814
287664
673151
572533
838514
318342
958774
615952
293576
894377
665481
64397
956397
499782
480820
477573
941075
991457
55787
901863
499654
328319
110460
66572
459754
597203
890514
849138
748697
610893
913549
886494
550530
963602
688275
557574
337101
722818
491886
277197
821058
573908
247702
594695
819678
462523
714450
957566
21743
926666
532147
923692
516631
532582
848038
484087
550011
429446
505115
426279
579506
660579
590704
677806
376677
351660
427530
791647
490016
192620
700713
977202
458730
453643
478758
366187
928401
438525
750790
14065
447416
659800
954446
405908
116188
677760
258861
973527
446438
598299
864459
127899
533662
706386
888507
905849
541615
988976
763851
873326
812147
948734
427745
713602
423371
23596
216733
84972
703001
171168
751639
949022
280519
803381
705017
400548
450819
681071
481268
174377
108062
868068
890214
774566
226701
506005
873340
584920
545701
69841
643900
14539
449847
40523
829540
931674
142495
962380
469029
628057
543244
702727
302685
879200
319269
116549
859304
924355
480377
240239
444668
166808
457014
593815
356108
169109
755964
556040
301704
944023
73480
74769
189610
545312
864145
399427
773082
575097
713593
374825
947106
820454
647129
252398
299777
860148
296365
738182
370660
88064
36467
686557
741731
461585
245611
233144
626508
324765
461889
991627
638415
617011
911946
788485
330491
178256
994100
71242
925946
531457
375838
651909
609204
463449
748497
65442
471443
439150
343435
88812
501646
232794
877319
492001
158095
197454
351407
289027
122770
388704
956831
438433
727165
979523
96454
808808
927948
211037
718815
608855
491522
808212
159354
395236
365523
126712
959703
874950
124505
358048
183679
399303
427931
278808
705063
732015
776781
601077
911112
7923
293014
310168
465449
20194
960942
261972
766641
217861
552448
506298
891620
522422
915606
394966
586931
447700
910932
39052
204055
203079
359788
6442
25482
899015
530217
800978
93572
407203
238479
889141
775354
682828
335662
655717
511374
752918
632582
465987
938561
570755
751744
666808
3572
875624
345556
966786
664117
146824
702186
1828
124022
294445
854594
38458
946659
551199
977777
819258
539054
355721
145865
160820
107051
490926
444845
519058
234933
379401
106345
630844
234203
497783
630370
906175
48877
348868
79501
583172
480611
414412
831320
979839
524479
302095
252678
350326
968646
207623
96601
739509
470579
790068
698011
955693
417970
203220
997912
462857
975251
974578
934397
704152
906130
439305
492924
587891
200718
468006
947973
881265
903547
376213
246183
758004
223230
519152
582951
771402
338592
106866
855073
183861
650508
557205
371139
56475
693974
890558
384261
503976
89219
979351
427644
704157
916470
449217
47404
722336
314425
431061
864044
352918
134395
855740
568201
158838
410709
373810
469525
816241
180803
15181
238863
990587
830821
808391
39851
202572
233649
241751
727080
552864
57497
50078
795772
92275
799632
881905
991488
750448
674076
42407
898234
416358
18008
181022
724822
547445
918036
828475
131748
418339
426448
967086
703162
326080
311958
860540
327343
360143
863823
184805
20914
693046
994786
827805
160818
846180
224015
972839
896934
387681
673295
616880
79529
135549
632767
114004
563850
541917
285558
452997
773131
930204
108790
58727
284344
576565
11174
898848
704980
789567
351148
686928
913258
363908
692992
184327
230189
601529
663550
698597
853604
917622
406446
133443
558902
922969
360105
683221
930924
103359
135970
539321
692938
511752
968536
914702
608723
149437
417673
51978
477941
517731
520237
302426
888428
636050
968079
87574
699883
792608
460351
139674
643646
386794
382519
319444
389228
697192
969941
218542
58191
78512
674592
377009
565329
264685
32130
483199
845786
636367
394568
154217
837577
229385
960642
761869
585001
485976
928818
621376
375343
955854
346555
677463
581973
865956
186509
781348
339956
562611
437910
894602
751152
283701
827021
488907
312424
281527
658389
737983
692273
301130
499594
711509
336685
243779
31852
779624
191595
879405
230801
918204
896585
855458
568184
873640
419485
811855
920119
366824
67496
190906
422059
833892
82946
235066
899269
624953
531239
637111
949933
814696
928716
856875
32931
722476
845633
303274
854193
524446
115487
939444
662893
934952
980350
874368
164713
173008
523819
880338
326644
163758
388986
701882
831990
621726
710406
943286
248676
667144
828445
435980
271692
680863
207523
486071
580478
62249
883310
570748
890222
59662
580821
662823
448816
415350
915763
998394
39693
448350
433823
917574
109838
866435
164125
303507
564266
559324
149005
701600
397693
647614
57041
814289
589483
301417
610467
66357
341737
538285
917363
33801
271740
669365
876859
880485
283204
557162
999984
494092
552165
195276
565824
261063
739634
461044
650242
228797
215894
587674
185841
627435
911757
903954
212600
323456
89488
983381
474823
979398
229506
1595
467517
794308
528582
765645
891377
510029
389373
922192
782599
500136
954269
178895
896453
929838
970598
112713
517788
795062
798432
503557
924314
646249
916661
56555
514337
214247
61489
466188
410913
982885
620125
51059
397489
879496
681461
678801
723323
158842
287397
136325
621571
783622
46789
141282
671278
94036
682142
942440
524035
748986
247552
211575
2558
109937
343817
456836
407306
686403
682259
609633
381643
628670
210746
114131
393561
612063
187708
726318
680986
535857
877004
435882
30113
78259
519463
593955
66046
516973
313524
490898
973600
833423
157024
505883
132702
115967
434002
754030
846145
836010
832220
662721
193908
796034
620698
362092
104471
983755
786307
795836
618764
715185
781685
812882
99423
537337
451228
82777
20141
235550
655555
793076
394649
425806
79407
796116
10760
113495
32824
85354
859012
221868
237862
94028
679648
415831
218206
909312
56323
695898
692332
386577
345887
236729
35344
475243
619039
835478
845307
678042
89803
512682
101377
150542
579746
245683
985549
877124
363492
899180
960815
567899
140834
114927
466468
517841
177872
684250
471024
230040
282567
276546
401471
816995
493535
502070
414187
50145
46011
632175
493530
110317
18486
819282
882875
489207
819061
197406
915759
866534
684565
246263
657682
246271
250256
773044
972750
433971
766883
688946
932754
818260
374869
925436
965340
61970
715345
301374
798419
232320
475856
788958
405313
677247
454460
511586
647361
201169
975232
464106
203196
84462
483819
820402
965839
610188
19869
781545
326591
339538
274722
86202
949115
774723
903091
772151
714369
107018
21205
391221
691254
727153
845175
482474
660235
248673
647214
57372
883207
7019
796261
791728
663463
294463
205428
471973
366013
942254
900487
146563
603191
687493
381011
297201
744254
36506
22905
166176
800941
163278
75318
514269
886748
139359
527229
12667
950036
477364
444034
764035
347845
738139
373395
578913
90387
99263
423669
73660
137587
554594
972671
357911
797159
35805
916145
498829
181221
210753
451756
816897
174553
459991
953007
543926
58339
391915
692123
633792
397548
895717
420739
541814
846741
836359
633117
404912
303766
366390
460561
642766
897998
485443
432988
164838
629669
648622
772414
839903
788812
642760
39988
849888
807226
956355
106781
150156
621305
792434
619230
391478
955331
788566
728119
135375
184642
15732
9219
902656
684453
51580
171007
336402
52911
499822
379056
843861
106371
877730
351670
496090
694635
71341
465153
628496
574501
751410
406684
10354
422899
993504
15140
541226
954119
988339
255790
282114
542460
807905
357133
52506
598719
364189
846383
768698
960259
287791
402434
458558
644774
311340
929928
640348
834454
612758
743060
457872
477134
567471
388237
225232
969906
84266
700654
525949
447170
894815
960394
109479
640079
318170
880668
902998
789429
771807
335381
800743
818631
655993
859761
674749
44407
966485
747580
42274
626285
110512
550136
981804
401203
777683
430320
723627
240038
505244
398391
266531
229546
214253
169541
434782
282656
173172
840973
902466
953773
187553
784368
787789
898744
577060
416355
160291
840979
683040
923571
38434
413593
208952
927291
49313
147863
66153
27803
395046
511926
116977
110209
121638
128565
952606
316183
208436
192820
648077
13879
521935
342654
909016
434564
141302
215802
329707
579663
617233
383960
455758
61629
939367
119046
300117
578573
165915
24627
65615
330772
904643
191941
48037
832465
546272
375337
931015
395705
988415
885562
676464
855878
453903
666220
82769
790785
708833
179218
922951
266925
628042
364984
731708
858937
369937
335015
48799
561785
781077
416169
338640
202062
898433
256596
729954
570495
970961
560301
42575
876856
451570
545191
871991
961931
870001
446338
980998
18452
801651
528395
298100
117696
949837
723148
808946
721216
597203
345307
223635
828091
849179
447738
232864
100748
721138
393256
609309
832209
645717
791767
792124
293558
925549
3656
189561
390667
783919
663137
332685
46010
647299
396593
971577
792082
597698
882865
66951
130533
326753
524704
902423
816325
936935
632960
294704
255042
685845
336957
895088
869448
176727
895197
962422
6668
162860
97320
767626
613344
296618
703868
900303
999290
706463
338978
600073
823818
744535
144706
111895
312132
502091
335124
261194
853866
166011
611598
441134
632242
115909
814203
501616
221318
432922
524634
64766
66751
833164
723939
443916
531295
676965
468281
674521
465881
255292
49463
528971
502724
914354
873055
355583
819998
413208
741557
888558
599992
442716
922793
692325
314298
403381
251392
840857
78675
434731
658503
192950
257976
359012
740975
61064
241472
810077
614183
226180
681271
622259
497262
772869
360281
391110
133726
282677
480338
462686
791387
445323
518668
75724
144276
696388
876584
872702
754634
6857
712481
757290
690947
999864
84946
435009
721635
938637
586889
840419
825915
145034
211133
803571
476772
135116
283014
69157
42110
134516
326967
173113
634019
111257
546053
538883
7130
795020
386445
555225
882667
614897
932682
500666
912217
981515
135699
432702
628347
334510
513019
930482
887141
649484
680764
709969
892029
62317
964591
605770
999731
957856
160534
664763
551722
48382
726485
237257
332216
735340
572638
516651
48945
720339
292051
162
876426
557439
29166
320263
174951
124584
985903
327391
793181
888798
815978
757265
903804
747511
72165
794407
381700
521285
479471
168841
220846
447063
821628
717932
361572
887537
20688
385748
685480
652498
234078
931155
258379
657133
40323
774124
30778
101853
433451
837548
383892
718397
104358
386467
72592
422037
368258
405990
865661
451676
622542
51046
69059
390884
179142
791238
632126
925155
481416
293888
547700
559250
6911
337464
763347
851171
97745
807181
709085
242339
287708
765518
909779
422678
557656
921140
411701
352901
930939
29540
247681
118213
577715
382015
407019
674204
928815
477152
830480
439356
941113
623665
767607
505502
132207
864954
185195
95862
228756
677079
379383
837099
62853
656527
528750
193488
298540
904779
888709
836293
525482
649503
87835
947500
654676
383287
860546
219524
58533
899421
5655
905324
533582
763909
944021
872988
141241
285577
747868
173097
316795
722454
492297
810402
730237
249021
688591
467670
532509
424775
436943
529625
19617
849663
333244
408854
263816
713992
348060
761280
157560
413530
760174
732026
983989
176950
624605
3189
103755
740049
859414
873551
491100
551313
428768
961154
470664
342047
135215
261573
330052
270039
761843
996442
671885
925489
408635
358284
338008
141673
852334
35871
42063
246081
166466
218135
323917
911300
833001
30705
968452
619210
990656
826395
217060
117255
828676
191519
145959
842704
258850
430152
694019
377235
17990
114735
217747
995502
681197
317131
783221
25710
467403
229634
662475
390126
786650
690663
224429
450146
720371
873043
570606
98431
47363
191800
296725
221894
492252
253935
722680
385167
236753
34853
262295
45809
359074
920175
956866
642312
299803
767228
718667
732123
405141
720634
888901
562222
498412
317552
63943
9650
674784
479973
284746
875717
420940
202313
694133
598554
494204
197236
47951
729221
575791
498474
512017
39776
535039
577758
915704
405474
396417
847154
905785
542210
89537
859870
258455
103803
414443
914907
64500
73220
418130
851615
922577
986648
890662
941659
615811
983814
267498
313118
913676
999162
559378
978747
945515
514596
71677
332650
161646
928315
230262
948156
78951
747030
794791
87234
201664
575728
85732
20163
311423
654864
789107
896052
763591
818963
88178
990433
16629
885084
722732
409281
893644
464245
419458
273536
455474
158018
613112
819495
590007
951225
931438
548338
581453
565055
637725
999911
640277
789383
195947
840415
676195
889645
995467
526140
535456
848380
371629
794263
93764
693161
396313
196247
368411
661102
880458
200398
739593
959078
129753
54331
526932
991183
70498
18174
207129
539625
720085
433313
447011
490645
577794
342589
606817
730893
23418
780060
325660
848351
925152
950779
152602
77682
380790
315733
46185
188110
528588
423681
24182
641826
814516
766310
977737
773949
118811
387712
824524
529415
982588
270637
551284
927607
830650
994066
888043
143645
398770
909464
908754
738943
645778
789290
524490
799877
557748
241907
506488
885361
690532
67601
82466
329558
964669
53086
83565
465120
294544
581337
854275
55402
414319
808896
108589
610251
533073
391420
25111
911598
616351
538348
597915
181105
852405
183366
602590
988461
792552
638309
840559
754164
226109
437043
236729
748680
744907
263630
441285
930563
969050
234015
150436
318138
938129
455261
827570
127888
814893
364500
728084
970158
259116
957142
809041
930595
527679
788510
837214
370642
757760
660829
415865
391490
753136
810678
107718
748529
26061
760066
136376
944592
698630
764872
186931
987622
98461
392287
446301
770686
744150
663800
48237
843405
744557
918255
656680
288822
401626
103600
764052
958449
140055
999624
734924
679528
920678
214595
317339
284482
767703
998791
295039
674798
672166
814696
711866
112620
349328
927910
754739
190181
307977
210291
463533
380487
571254
873996
668116
136858
635642
658343
846307
724902
290895
890167
670288
768514
91801
259382
311657
927713
482482
528146
490044
994145
622674
931239
741548
992193
632272
987028
245918
71243
980193
657477
154709
289167
717462
366421
403442
230493
900028
193929
647661
815394
325314
651193
929754
91360
827745
580065
778625
177187
622553
586618
253230
537809
218994
893197
713419
671497
482207
158385
95186
905992
167462
156057
978747
213167
10660
496590
279823
703463
436874
572848
682725
301058
343995
709269
347587
319013
98582
669241
922473
35355
758364
30379
183460
971886
661920
751071
88232
818223
605541
168262
295592
716078
509125
783265
168228
643585
691634
306656
835414
345670
961858
389350
783699
833425
335860
204051
887096
472068
476705
422602
713752
33636
822517
433100
661202
439645
916451
77462
175934
169
277946
182160
897622
988569
182538
701929
589083
412427
128295
209538
490370
846091
378915
653965
897276
391208
893447
728770
622855
648185
157583
848140
120057
93323
95195
385260
11264
146424
632604
702113
130402
107756
134428
491343
509255
985237
353292
972324
248794
824479
325513
597135
263915
651070
8311
852794
925913
763681
967376
91975
346845
776586
424560
568120
408142
154003
89
575760
664054
336428
875046
121827
624116
714279
624770
100985
579625
312667
732539
659991
780125
827624
517987
772532
503970
306384
721074
785288
982280
153023
969614
893689
557637
848004
450192
897
683982
977306
278322
86823
721584
448520
455899
215289
297288
56739
137142
128323
881224
63709
366583
263112
316783
839383
621774
80656
396224
44465
959421
629547
330489
555916
24554
622312
835239
728788
418794
972963
789158
593417
509791
308557
814475
105292
124710
386490
288436
277654
23555
846181
21147
70939
656344
677279
889528
432882
582462
322375
286438
10912
274303
17440
364046
191593
140396
207825
518297
103474
423187
667992
582717
631832
3942
189672
843808
560535
32530
231097
710292
264378
434974
826948
74153
525025
542628
776680
586681
283394
46884
722321
638199
17110
753263
144396
712072
857549
503912
504282
129662
429521
169255
105225
173644
91921
938147
966456
223460
776753
128112
188484
312545
50815
777267
446567
460638
28126
371498
576825
343177
979490
278035
135667
282455
675772
749052
293061
315398
21677
958893
413669
818886
262077
890344
616219
85471
588640
927503
303251
920687
628141
875793
325307
639425
935930
148681
868607
751457
989009
674372
707114
240329
27824
354446
48989
8911
535153
636978
519449
856439
901160
398812
260398
251869
930771
205281
731019
778237
80056
433385
521528
372781
967400
201288
915313
565335
579138
870210
792706
919968
917919
122681
221938
744946
717778
505375
765019
454775
683295
483843
601098
113256
98579
613065
846650
697629
796564
567262
919022
623349
104168
606675
661365
834122
710832
638326
6746
524148
90703
801764
676101
756477
947439
741287
707928
260905
183648
259107
216948
411063
321117
3954
301837
13413
58784
122288
986842
969132
560972
382116
161986
479063
890128
910084
603910
844604
48776
868208
943831
52310
653006
141936
278677
803134
85379
394335
753101
154198
456030
448195
854481
577601
71576
652414
577426
779782
273703
366005
543714
82739
241159
122830
898264
684238
821423
300834
614737
514326
313948
367826
673305
519785
26249
330510
933392
817245
399332
710072
213468
570447
326702
889881
826883
839768
397381
913662
936686
330892
452191
565383
523046
159287
357010
431362
839171
878460
588090
767503
70169
576074
503010
253782
551479
547430
25730
827520
244492
842217
790064
520136
537265
626158
510281
182968
377537
94043
992066
844982
622655
246025
498656
914155
226942
473909
738461
685687
858852
400367
98137
226449
622653
715520
989034
32561
256239
609470
500968
466394
964557
682316
648384
600532
570960
209560
118775
761530
154251
509247
673292
728068
940259
308059
500356
942770
553523
310329
314106
783749
916996
713496
690488
807003
850850
682545
309822
499631
510758
356463
936941
479000
251093
976974
411149
356371
34497
926616
754029
285782
770127
990227
696093
584415
855139
724197
390213
760057
685250
672387
161893
98316
252012
935602
597547
623915
952500
524044
153478
118517
130207
201436
283431
119788
626161
150307
844471
778106
823861
221447
975956
991830
831386
89447
178914
300467
105923
228834
344204
255779
411221
571129
346796
993105
360100
383565
906608
80020
595460
999967
48243
175059
694020
237902
49388
622318
938390
478134
813702
732374
767609
211256
707581
567955
205268
356377
2718
612175
167724
990616
912714
292720
116942
928143
552565
617591
842386
423640
993715
899958
354213
142119
933594
875173
660162
405066
454606
469505
379416
976577
334534
229323
181452
900556
288299
843162
733390
252527
229309
384801
516679
411437
52801
891040
29569
285777
159686
13133
535224
12530
854428
425129
268325
563402
587929
565669
895997
521848
395721
660844
687522
310196
845397
443734
321891
905102
334465
587533
22919
117248
209880
845391
463822
450775
242321
476700
429832
11292
123723
839980
482864
944312
897314
224856
895309
765989
270998
343875
477315
191572
877979
689359
203272
204776
523415
423873
460920
339080
814172
442478
300918
130868
327955
217731
261338
35650
271063
594190
693824
592788
827115
774065
109885
377947
784515
733795
209719
32834
973966
931177
847708
404108
843136
824004
142163
660399
262649
960593
617957
331686
129074
355736
211883
96993
15538
135976
982509
465602
272779
578768
745281
68874
905144
584726
359481
140588
958349
949950
224304
347305
177994
562424
683578
909348
384914
281154
298090
732741
907964
527167
706514
257795
518442
873543
922763
801255
9060
214250
355145
952050
288727
134021
70291
403634
833767
112659
236414
524660
275679
11013
254237
54405
466813
760608
160800
834310
582508
65080
225763
621919
845965
187643
71854
15921
661909
255102
850609
612497
395882
230449
406130
763373
978674
325711
620671
533528
462498
750815
254032
403200
476680
226935
575068
465437
668648
662375
456382
68653
471944
464099
318063
207088
588774
710152
258137
947220
763972
453144
871570
224267
732893
165413
514722
872132
137064
188322
700221
790835
164406
754826
783423
91318
613695
533046
452301
265961
190601
115339
69742
226703
494377
468848
851448
531632
87642
219596
451359
851844
552457
234211
726278
774756
844487
608999
486968
402433
14517
946324
516681
247296
603021
559202
438502
2187
413322
639600
569464
607585
798194
723755
955215
345039
551980
445816
552679
726193
170239
210746
983007
903180
371044
793941
824507
854599
399491
199908
96620
470237
545170
914042
917997
369007
982582
444896
564256
99523
260626
633794
543517
911851
900089
100085
401693
105772
268072
878434
42366
482228
25838
571022
135332
644486
360923
98512
316294
553687
707683
306770
500814
532032
990803
498873
115118
430535
698340
855783
370894
168559
690335
408733
79279
125402
414439
326845
126607
496996
72496
498656
709654
356481
704008
303266
885032
708010
507033
977466
451144
308088
506365
353030
846560
834634
662481
260456
36594
335807
962889
208239
452197
683358
323925
492319
695910
462835
796894
76433
420196
421364
587274
294061
951613
598475
109468
502390
139827
710206
923589
936500
177691
722175
388662
605192
508540
156710
366692
997140
137183
753159
91374
879375
79475
418707
661837
504174
791494
380459
985110
943274
281823
803423
482772
187984
266495
43249
638721
913448
463773
335146
463417
793759
711964
7201
317890
48363
900035
957516
151405
736678
904843
809623
596819
455402
482835
238442
194591
158039
793333
466291
887359
548355
736369
859518
100079
256023
742582
248877
848535
296020
772981
199429
867107
565350
211377
788915
504096
208590
450200
507879
573730
473872
255451
942782
15838
609231
319388
52035
923463
343282
707705
745659
431780
88202
928449
312196
266935
773371
407862
419073
755035
900252
898552
3298
799014
727316
196754
285703
823359
288901
317253
114082
738001
886714
850992
152466
877987
29988
484040
565466
621560
745710
638626
16959
423479
910431
367968
491614
111178
374479
398516
410751
940948
696550
44092
151938
732856
884521
801774
30958
117144
616238
808936
384588
423916
566377
829646
259441
552922
429403
768141
981199
256950
678164
573312
189229
561001
551028
539719
985423
892551
917072
986267
797710
708068
67164
931012
408486
775024
469842
635491
740239
406314
738514
316542
439893
260611
858844
43704
822687
553637
567709
237858
429316
590091
985823
198866
368010
107718
914452
492362
317751
116867
735170
823842
469841
652166
725512
910546
566129
125074
231147
597080
512369
15867
938025
707172
264438
24986
468079
548540
970569
118409
44942
47365
710907
953078
104830
536173
914734
312069
675448
698529
238887
887413
117103
653623
306888
752362
851752
333
762147
423063
774343
165469
733144
173518
587956
173906
61482
945385
927554
543852
44792
833601
90302
200647
866129
235984
423993
191335
207748
875276
489802
544549
578754
792666
17410
109444
157513
503842
918877
557721
834831
779349
673564
290252
589124
844749
321265
424402
938357
656801
876456
711386
292824
526169
199767
952597
691324
633326
230086
628371
162405
709390
339875
737737
45556
111590
334014
884980
623877
23381
266792
797884
516941
404707
680979
846144
418451
449460
74513
101869
272674
249373
508135
210132
886556
449788
214623
521876
785632
906112
988202
643089
562131
252167
109850
880326
428555
969066
531365
695845
201417
429547
320554
849838
450728
40119
498255
473563
8063
232748
273746
902700
366762
501201
981182
895021
39185
209908
247727
771048
571512
343583
462159
928745
330861
241191
424025
798278
500084
717395
695516
135374
159368
541685
375979
641506
574805
901625
119068
718465
670938
401987
153166
241464
24131
883789
689457
350313
296893
107471
864868
699337
841007
44132
186560
224027
370244
468963
490972
260467
901067
832596
995438
184222
412921
537347
55701
825034
843261
661737
600858
555496
787263
635366
867675
648726
442657
787466
875269
949511
288333
565347
60429
390395
630463
842370
639700
369236
142890
80267
364586
209569
456148
324280
526603
458567
684505
94713
741985
374365
585962
193991
797116
931601
937298
849632
618142
79004
362348
608011
171945
312251
202044
93152
859965
842708
557219
153182
192499
803496
457714
343672
645128
619882
342290
986433
490830
668512
868762
201819
9557
129764
760263
43110
709502
869710
290363
295930
3573
228156
318717
449568
308221
650264
164566
19442
729335
502879
795441
174685
64702
537978
484592
403723
986624
131802
867642
330106
560378
717124
371651
79837
68406
143870
64205
676433
559084
927014
55040
194696
606029
769117
572753
954094
381063
157639
448502
669583
815639
29480
374972
974533
469247
969819
694595
514451
484318
759349
440221
763800
896103
912810
293978
433591
230822
956895
507419
201726
519084
444702
464283
772132
537268
979697
432994
410530
368817
271905
926025
467598
754395
941986
746137
320101
489205
247901
828390
686515
397470
882909
640596
563185
952552
919288
860596
823625
514520
873029
379702
3892
532312
448637
327498
995255
427468
62808
374123
495186
851963
958720
348525
369638
694386
764637
925776
804964
217565
394202
906816
457048
293521
482244
348783
463408
717463
519351
258652
638529
955602
520888
999035
265309
16842
478933
451348
444542
775680
506466
884507
78298
295337
541385
706464
76309
83750
40638
715823
846183
613644
99286
63600
54011
228230
488286
200779
589562
873128
781480
447256
855899
814611
74108
522868
121594
757961
465788
774736
619334
882262
701604
4909
735362
711784
709914
234638
286290
12537
90999
977515
744956
572563
337612
486716
547917
396296
500715
973533
63992
849446
955872
895319
111106
291678
148049
246933
269078
110218
793373
513991
127716
258205
404239
494383
202913
918399
793983
678270
473539
512386
924045
469983
560773
547599
430839
455217
380437
348966
240590
152289
238650
218915
178712
764052
688278
512343
158362
57179
411359
597099
492726
51617
660650
123376
964469
158471
569903
712686
441115
106113
663573
565230
684748
440666
674252
991357
133608
612093
8067
577404
977736
633550
722223
641457
803253
909538
111550
255899
145331
191032
69708
935989
832031
49957
543854
782465
88995
452432
251302
893002
530459
976762
624373
81252
88815
352891
474898
877645
897659
883782
279309
746341
453113
70636
563100
245602
141538
692939
826155
539899
537323
820272
254218
942092
408907
56315
889614
110566
28676
81624
279494
371962
463370
203557
431816
269995
366773
717087
491859
342935
217646
110774
128137
283272
78474
963981
154763
913816
947316
419117
412938
19560
610115
686304
484566
923902
359070
246705
664595
849252
526605
881329
175340
859588
734606
185862
798666
256297
595331
692446
337093
86060
919495
428600
390145
595476
406187
476917
916334
524308
374301
441034
342897
888618
627152
942410
325344
95134
601204
776335
468412
494706
903571
579600
700178
919066
935445
905331
47171
893117
910672
323905
945934
135337
587777
861804
315702
939556
97312
510491
975195
116424
153195
188027
816552
86137
360757
841437
972553
922315
884962
756991
912620
93680
615827
518002
418453
117427
891304
452536
919010
826918
750735
359530
919574
148201
493797
93885
255604
870311
498701
537704
514483
99148
775094
856023
461685
300561
430063
211795
707067
356578
118775
452350
229474
464262
409663
629729
50303
991732
516073
606591
775759
307416
293428
574800
238613
507956
461711
896688
436466
412252
198126
917004
557037
883019
455853
392761
654498
973712
728550
269842
835828
731564
537607
447870
489439
580194
358479
423005
423326
900687
601763
888959
990771
363053
651088
471818
707549
169610
74287
104398
18653
20989
778913
859777
311519
546759
315306
545490
920209
452861
890973
128769
453576
970058
483134
259961
139172
386967
21901
956020
447553
758484
999207
617979
827024
178823
509329
975720
506356
651662
316467
307850
16601
874069
818956
573923
705501
68987
583656
787470
978656
374211
405318
741858
952471
726423
583805
164822
293917
614447
541031
86961
649910
777739
684392
446612
630843
869640
901801
244542
678617
869314
386098
75472
123495
303204
551945
147129
485303
848280
769039
448662
695911
606110
49494
765562
917319
681122
571819
214282
5241
207513
454194
513606
785385
566350
688872
667516
51636
87090
692160
71856
676868
295889
380438
184826
479293
222350
221198
428018
931481
923874
481445
399891
380268
479691
796472
364060
485816
102283
708485
254642
388416
792513
784340
614651
131664
456930
579036
534480
117711
801781
68099
20113
829997
313367
316861
436939
658888
104159
703753
609115
400672
764231
748788
644841
813979
693267
816183
251772
433067
33443
121408
857836
380459
439623
627975
880149
615446
238259
264874
549839
832527
161943
713419
101941
623532
114703
84140
230165
260271
696284
327348
194777
517312
908271
314117
25766
809471
230250
87990
224066
436743
418728
607847
11261
377570
217351
391239
998448
944934
899764
676926
261598
633850
875054
136845
593856
167534
168493
51680
195110
936280
444132
854294
137988
764175
284069
333284
139838
966324
221691
704560
622431
226168
849872
689582
829724
140432
793951
625757
342540
304294
222321
997775
309199
875116
907361
939412
623322
455775
571441
425475
562188
536382
710432
801020
468299
392378
843283
64932
927498
723327
566206
295668
58410
969618
286725
578195
349713
469460
392036
998124
623932
221541
170389
454327
154863
507782
325526
512467
159705
66195
23663
696263
233813
94130
405591
36646
628752
531612
854234
858257
538989
516411
844922
331728
185181
209205
844070
602462
583553
990799
732626
972470
826214
703198
466663
739692
107217
659418
276381
14394
936634
719609
210751
185877
603966
13669
185215
321525
622614
975383
768196
428661
203103
918810
528031
890129
583291
637050
312078
74650
998957
90564
70270
42947
188103
797926
342301
872637
923592
101949
76109
166036
540028
212019
858883
585597
533759
235605
521499
803423
346779
863646
561824
116818
474362
375969
37289
534393
321254
977367
290721
554051
424269
933808
681661
224736
705818
167899
308854
907866
824368
754790
290868
651322
564869
292684
902335
505436
18888
19877
613934
259380
207695
740368
963410
387023
496291
332289
394423
513345
681833
363006
336456
419126
455663
582392
142116
54176
943033
421314
263454
596619
472807
75160
704185
827815
125083
343487
606729
967157
793576
313606
776113
899339
492102
594861
548990
339232
263756
845238
844841
428196
52404
398636
125208
599808
11756
141041
919925
72987
459559
755585
252157
246044
201778
117170
453672
16416
39090
862248
208690
358893
120268
707337
564831
881097
898204
905628
418434
945021
414463
898120
956789
306261
979126
834302
107954
857918
715906
541254
144016
25271
966186
13936
658674
136507
778375
798292
166568
648202
97158
957559
929943
604177
902224
107806
628632
87796
811788
280118
184109
820799
913869
922345
13842
281021
881165
398242
740073
669834
173415
644248
81635
521895
503347
467136
690468
770391
280065
983193
479749
283229
268113
578426
516780
256031
554339
557922
765524
21493
47292
393566
334948
21250
165442
971672
630865
286148
742970
743998
740029
914239
270653
220448
418075
764865
458226
761754
240039
164926
766542
373279
194223
508244
28475
755023
712997
293564
334990
65085
47464
348130
169265
368265
32999
32679
316185
567859
642913
877440
569260
199410
677675
7237
818121
7861
797818
911525
891507
191815
922304
19525
331232
777095
533167
157260
728935
677384
595321
319326
151934
827620
110639
657381
331648
640355
645334
285559
205594
369527
28231
208277
829119
670007
314771
496376
208591
583759
790788
110434
481343
90195
247863
143315
750613
78854
656940
873545
399634
82726
383052
916327
385790
289344
780870
601177
116491
963311
858950
940957
962706
349357
480377
241386
938013
16564
95732
879619
270
379786
546156
656107
456732
894685
643492
536357
807287
870649
235619
912271
687085
967042
630895
221696
836842
8429
685919
146710
850072
150564
698256
21443
442612
940806
922479
788141
762630
747701
966805
522389
591350
629932
577384
282683
421491
639882
596345
989144
626575
972220
872883
196868
832375
119883
558587
90923
182652
874762
489972
779199
350473
374042
261713
198772
280508
428130
619221
402976
207922
940149
882081
359708
345759
343168
198121
658932
948368
935714
671081
401934
540911
190569
409159
726164
778863
943495
23445
754344
315612
86242
771378
215804
176548
960544
167960
198148
724961
588455
924030
551143
554599
379347
670013
770004
999728
485858
932818
288007
442286
229766
205931
108702
135824
823099
299456
926572
198029
532831
203128
83336
146983
568479
217813
396920
889975
764696
926499
612888
507484
30397
156395
573455
205758
445203
500400
463012
369790
241932
225483
151843
662938
503074
842336
749061
106251
785982
15517
224118
953775
760013
146768
707268
174259
410557
620229
862190
721354
872781
204809
523631
962772
104420
123428
722156
475753
369916
972114
935177
808190
587306
49682
486254
704045
375429
482592
534600
678635
111109
875952
519140
36464
455177
393621
725173
195785
519137
501045
606405
148208
290874
630152
755805
275125
46744
828823
837199
379013
282071
297094
609356
880894
760902
786418
260996
847242
626375
188247
845206
56295
767970
515329
842565
86679
453762
871847
245774
638142
331841
603363
721891
14956
621054
767496
85614
621582
351924
811728
53091
744868
595877
181308
789313
828237
262631
285576
466506
697607
14424
672635
92879
632482
729451
775413
772298
824821
190350
42303
649637
9171
529660
437402
569720
854582
541257
477269
836588
131124
343007
669407
434973
802409
207076
941487
150281
965314
956414
236876
176701
496536
747161
483203
594787
807310
945257
351771
58744
98326
20788
778593
457385
821921
909817
735003
501154
469179
24859
909645
669516
860515
357238
854791
753038
32087
360874
659385
195105
323134
576870
313808
196027
887753
318663
934038
876229
48539
435970
244632
834208
194846
750044
639634
617326
752796
823087
505906
950930
538497
931368
803846
922289
768090
546431
947889
818454
685803
749407
231636
252612
237588
698176
180404
614810
525498
250501
964301
634060
977519
785811
114989
516592
132238
125697
887330
972280
995630
640116
329056
55048
213948
135513
875373
481180
755742
773929
885422
507696
414155
837308
913828
679941
549185
933094
322031
141562
353578
121925
845663
259755
275985
769533
855178
286221
479437
714801
900432
804499
137213
840513
342133
376011
18032
937031
985687
833049
586080
431495
250753
560239
30368
535646
669403
957637
28593
84482
273128
656253
943408
157043
965744
1916
438925
564404
34541
874720
603686
629095
480689
55730
804889
340774
510474
799753
268511
448620
363637
52125
876647
297072
428334
290239
526193
410058
22116
65590
9340
613556
628733
695272
849175
138898
832009
90755
939460
155671
413859
164814
765977
339052
398801
352755
864249
617361
632492
262301
496023
132849
161013
393263
669976
502944
675406
782340
463720
663471
311806
693504
74961
444186
367218
555126
36263
722767
807655
570241
916609
477748
25847
908260
682201
388241
82882
901783
291304
334189
179083
276717
940268
58516
403254
108151
699122
820993
4181
293497
357252
304918
410752
123968
542788
155940
769354
386823
933150
629004
675360
910663
771029
967607
20664
124542
45052
924513
574889
718553
58637
928715
402854
932752
415035
144020
278964
722361
490475
242595
946994
159666
861932
589098
956721
736873
407304
825340
216588
58576
136840
400848
926933
843564
892691
91514
163606
290313
472012
383329
532718
900022
198125
980756
549006
406084
878179
789202
895104
410992
110869
296757
436188
643164
32315
611381
632835
514662
725713
589364
335048
269753
620334
479654
26669
955918
160549
41028
412366
985226
531199
744953
324980
956303
247695
702224
594706
732663
584868
478392
530156
622117
689927
670690
520438
237151
715501
631584
872796
636390
34789
114045
576141
261776
401785
321183
203031
330315
923700
264991
763944
18773
757888
650315
181927
914233
593035
577705
290938
492761
956197
188867
140081
753365
356963
926145
117259
384821
707017
9457
266674
932727
257880
8884
134070
823329
764320
706649
36339
676552
819847
787319
112977
862885
911578
604933
691066
343870
351823
9392
929921
645579
498297
497082
26475
22005
542569
389560
947653
646636
24371
161594
85792
524791
325417
518488
839816
135169
762249
98091
568112
297575
562452
620571
605687
886460
85580
953954
804107
957321
393510
465246
2040
310758
935058
321748
790990
965709
612985
297805
860463
836419
776634
798126
124228
949310
985646
149282
968765
702766
228527
113464
99084
887988
433566
204411
883409
703797
157017
837741
719992
407334
659652
266244
661240
643089
66714
528741
68870
477703
930254
457032
120478
209585
231255
596441
884780
19639
608635
574559
314376
27851
262722
461739
116935
717531
999304
139234
867383
63432
658718
717734
501099
18320
332689
521822
388689
316386
606660
443717
54061
480454
425735
561735
902235
191895
858214
406824
208073
627585
107913
835593
508864
855861
194946
528443
632058
129002
991263
646170
89605
474074
759181
1696
594072
567544
510161
507171
498405
973393
304610
990617
669752
200155
112146
624621
760187
462797
43171
674136
464679
663714
435497
967820
23147
65366
370854
610959
791922
232995
680315
158085
324246
940370
739056
764341
817800
42831
486701
799708
613088
32992
69316
444524
717830
878810
809089
174052
140895
628798
645034
692116
503615
824701
386916
1695
199782
143020
887386
883206
313363
98781
399676
139768
262991
790434
557179
103269
663388
759304
616771
658347
692999
291968
862290
501685
81097
312555
858150
130486
843554
178980
807242
947051
94027
184708
784509
836646
854824
480529
496642
734191
955707
253632
184962
592065
551921
166792
677438
176530
838857
528419
55963
156671
844254
639296
428414
284801
694476
501841
263621
175351
170767
596117
471337
575955
276490
932368
586217
767725
767567
610473
248982
832338
844778
612891
974398
305880
1241
199561
77980
805812
301211
471267
378906
604018
297023
965014
530759
452650
4904
672000
18331
840149
91200
186794
131613
233986
552928
458855
283212
197511
317017
73679
779969
257099
671449
483711
36085
388639
767945
161683
501084
506298
466629
497748
920708
420781
600172
252316
857992
270049
726810
204686
36085
324575
421559
31901
741096
50976
174164
787194
808038
155209
907321
560995
9134
473473
730486
877151
745102
882564
73330
916348
83669
445321
444892
32996
250353
107790
431782
822218
304053
236123
108866
633392
281646
980897
924769
505387
390736
494458
551326
41784
951133
420410
48876
552017
671669
365649
155943
856509
676640
744248
174839
485714
376931
408532
845079
108910
95106
214649
327114
932259
257673
805805
894035
502711
292383
41730
134176
509803
683843
780109
757867
210061
34445
853138
903594
374237
899100
872127
87681
623055
614659
287082
423275
66560
73381
780384
429294
78586
838765
520854
184290
21583
882536
395304
797167
135766
202194
982114
461910
576452
612223
533122
146032
632371
209798
548041
969580
826659
587070
695590
452093
229984
753879
77791
542464
171943
164957
911057
19635
148078
894459
462741
356250
730815
773279
405652
976791
855589
597076
75095
417476
843997
289426
465372
858118
622794
406669
84166
650779
245174
254802
328316
449851
297946
859825
765535
476718
712634
703764
459465
426263
272791
652245
917254
522355
459173
877932
340816
494142
652301
139621
540395
537643
780618
72436
1825
475910
952015
864869
411661
665359
223147
925622
134878
814242
114367
239051
120037
837278
629511
276549
112676
224875
920187
610168
688666
58999
736828
87433
124340
709097
876721
419789
103898
764590
209201
522323
584643
409680
163539
213809
627795
50515
832915
449522
382380
552426
383902
664127
310073
491998
976070
331134
392702
558289
151550
495397
909366
278180
621294
33122
418428
174432
417265
891812
570702
577526
733988
734711
1407
359573
108389
770126
988984
20547
259638
5078
180782
594239
855997
560751
208650
170029
640120
848215
367907
442235
18536
567098
201279
93548
829907
146650
651730
694650
218464
568556
245030
770999
660402
413100
691083
955570
707749
225638
653383
2808
61622
348065
719444
209328
700731
846237
240708
252968
26061
977066
266792
338649
486881
553671
203640
89649
469367
474790
865587
52694
230931
445813
656705
220871
672267
854493
974417
410860
444119
940656
266086
877791
622973
214358
879477
952836
777594
169734
103367
219710
358539
601155
535223
287699
932907
633333
287148
203359
567404
601638
453449
571322
251374
645644
394200
242388
738495
717965
772635
186805
383098
101025
414443
500100
115703
257706
477604
8696
612874
207562
585873
119762
18087
428647
421463
791799
500033
697558
387190
960037
118587
838155
777827
552437
123299
830552
867157
421780
243491
282173
592008
468322
600711
815215
428018
504234
671426
878102
219510
697576
334668
535499
522755
766664
137446
329146
539961
425746
36287
929443
668686
309462
569846
618597
396886
789125
31948
457354
246463
568882
248369
225059
325434
438251
730794
134979
846454
940502
478888
620962
268602
943154
466360
394110
852607
798479
464068
119645
873505
969787
184733
787050
142059
691597
497191
846961
613951
700202
810614
584215
856159
933978
199825
443275
867315
705166
660616
771650
343551
968554
291442
574953
524608
21948
994112
904207
863837
504351
961383
316038
373473
783617
322431
120838
756844
74548
277940
315623
935823
543685
782920
740151
884765
331476
273479
580564
722637
804620
346852
292869
220963
554883
84296
789973
660366
282441
82658
191593
3563
619330
314346
348750
49583
256178
627957
713002
123791
67745
980807
590327
949131
985605
86790
905316
821288
889737
228653
938105
858351
877650
439245
662616
873740
677095
985791
413809
175758
405235
870307
51745
794093
587612
972871
587342
46690
578650
421266
659709
154137
154494
898894
885077
865215
856042
602603
77652
670944
857731
453246
280195
967982
248474
337450
671971
715472
359521
965486
158290
171542
311253
237848
415431
956167
305275
365637
528560
799949
16292
520440
679389
335662
180356
351395
905135
788544
679945
217409
171202
489622
9474
311580
727779
921750
298898
659994
892066
742211
990434
25952
498839
637028
544692
741165
563603
286074
953414
625804
155440
36202
882211
71159
103284
686524
407442
121272
311073
252451
313428
960238
982953
607821
132262
687097
543965
21685
855481
518593
150293
377974
237046
292420
632930
294112
367676
308807
595975
823371
279253
582542
394456
859059
871710
479395
94636
778158
701938
798395
231810
554080
518301
87678
160257
356323
916832
501243
59690
999338
739059
687154
427447
367567
965896
78626
282074
674079
416374
91151
713698
719008
418474
842735
342944
765630
195147
56121
151631
729870
453731
427158
571685
788942
87026
261673
466009
861563
33080
833350
744217
457603
137968
593295
188585
499251
935696
903240
806298
670505
215314
202964
656396
409227
17243
124772
647443
494382
846369
400082
673355
472076
267857
437267
454652
922464
926622
767696
329701
678866
110373
47185
653953
535385
136170
12470
370518
653342
179809
103075
970207
175804
755398
84297
644845
904298
629311
575711
746883
516428
655891
346487
57366
535210
379471
538237
258228
737487
467555
19964
222076
239664
133364
706610
535713
131605
662511
684603
896830
48185
957596
377137
788794
200644
992956
961243
512084
685028
363312
834197
694676
123651
168425
222603
507523
978658
28637
617959
287349
484678
462413
862907
242328
393402
525278
522828
622571
743800
456023
141192
44362
675725
970531
614887
645450
359575
313018
905615
255242
810737
624448
838176
128206
920407
556193
356198
53189
155481
513541
202562
431922
686957
94771
541940
921013
354657
503995
25336
464770
834579
42292
799746
744194
461482
968060
565499
43243
609379
227488
592200
328679
543740
262740
853471
706020
679524
717827
701349
388508
209689
233
632958
237163
73629
238295
643591
293658
287970
800745
344312
89119
671599
146955
786321
234581
149332
655245
39490
173772
398286
255421
172658
97379
223108
231817
966773
369031
372272
34190
820956
383315
299310
785199
835903
922730
53113
497816
703838
38178
290856
170574
82536
565302
270262
501625
549009
208006
504460
808317
449791
148964
767635
23882
563185
813548
420089
792104
6730
655499
75452
461730
319724
249719
963509
523694
876208
391192
884771
685040
682134
82008
707276
404180
716010
574715
463461
137014
338377
171340
847038
48671
819622
309830
514566
439061
445415
25773
76173
352620
757389
796945
687510
906340
559608
299474
901328
751256
889299
10667
44939
319496
531479
477905
391564
550026
614536
966297
869141
493719
70072
237916
151567
838142
66884
481708
531653
481491
163931
846605
925428
127084
646553
191708
490265
570154
49087
120781
948175
406104
375968
189283
507503
397835
632898
529946
838179
735216
595919
949169
536201
838688
954182
719605
574125
809732
45836
62539
151495
198246
825808
130549
643274
691023
24205
852335
862529
370918
817978
10305
269517
573099
715945
525396
763984
346294
966093
402625
928626
290561
285631
461218
405379
883287
630023
901344
853297
327449
911926
575399
284945
570483
692862
994593
715251
736877
158531
957018
742394
295890
327386
658227
952917
359560
99263
9865
149726
350942
775130
641773
205211
810751
469100
523202
944833
175615
623667
139564
297875
149235
347637
532492
449755
402950
741101
977606
528092
460591
739677
206068
813067
398275
676078
342654
804305
649988
634294
436404
117745
52621
444687
374266
424242
865698
924950
399224
294544
432174
51944
835024
884537
770369
490276
651911
660743
548404
212205
90541
824180
400075
232814
398233
429530
565438
281089
485483
922286
459094
789399
844917
450733
310582
651809
529472
386872
477465
374172
257953
847272
54795
797972
887891
643315
352
681168
66120
19462
961638
831747
954780
12043
190148
387513
530373
870780
529435
659015
349593
107013
540168
18058
584590
160785
170415
720318
871814
718525
88734
514942
475880
963274
353947
837522
981767
987338
64904
384109
189188
543474
322141
783402
910704
843667
860728
700344
728459
440494
83487
542089
259206
987447
521999
283297
603265
514918
960553
647894
512097
920563
469411
563767
792711
474028
841869
470140
274867
413085
685596
810664
893548
940870
212788
331956
255593
928548
986356
970253
612981
541379
394247
253626
19422
689800
632223
123726
784386
874521
213809
576004
844003
897773
726680
338325
107774
5209
166633
606786
139601
410898
347303
112456
51306
67639
142950
93839
527297
199398
106937
358649
606167
491473
730200
996191
967679
496253
786890
358719
739127
722924
846052
112290
898178
244237
642300
690230
297412
987505
238807
147225
358762
142180
832582
511358
348719
246143
840877
453472
933849
583650
731757
313739
88078
776716
172877
735793
909562
370076
733116
307809
300958
695303
647775
203857
683223
290431
896763
795211
737299
9210
912400
72711
836067
542180
634755
64843
891323
413366
604303
898747
694096
400760
635194
546638
930043
931949
167241
5462
457398
58393
89107
140121
760280
976613
307713
212107
351727
178867
497825
935176
433998
950272
470027
809078
500256
673595
147487
665556
281819
412390
652572
119331
369636
5579
388987
977833
57525
118903
453950
627034
852090
346577
623645
483968
782475
42383
545266
473707
494794
743718
511846
597885
882883
998973
9191
578260
246509
482503
612340
295012
741070
783134
448250
235601
573479
578649
989487
422424
980014
295771
558706
355181
246487
889158
259534
129424
559657
20322
352487
318891
894671
806290
415705
174132
515743
174205
81005
687853
282263
200871
337983
335546
523811
9295
647977
528851
366970
582140
574523
345305
659414
835012
33399
309983
910635
150309
527112
321423
17728
127989
765969
483804
343926
69405
482323
984041
953669
272057
816692
992934
937651
958750
650087
293601
275032
22133
416976
58590
214388
992339
890627
332898
2592
393100
15660
820173
947584
323069
668393
856905
426803
513776
620687
332906
145184
404609
973019
523125
311664
26953
155057
909812
900058
880616
743801
62535
124253
613612
985057
787100
6288
921631
477954
768194
360004
644785
567213
382480
754481
126149
99919
564723
622253
364864
389679
778198
70477
885616
189007
886888
974790
376342
5157
704991
634612
702346
288646
686039
195380
582045
89421
80825
989918
118297
629928
774330
511405
568119
718535
281252
789451
35170
747235
544897
720006
552443
622963
593946
66801
649592
613087
858606
881103
939200
59648
439779
34092
88448
62817
545378
200237
54859
418495
802085
35900
850174
429840
754546
427499
239149
390226
821984
431837
503300
46190
375858
769867
490922
872037
62485
785147
294522
586682
887110
710988
349033
451403
95115
969542
61220
949661
59598
996912
535625
843372
452932
239680
738212
807599
582120
565185
38025
610108
936881
247260
867972
561946
420462
253629
266349
949658
374963
842764
858331
99831
764530
493991
409259
97052
531560
501059
206444
176776
556685
68561
777893
834236
299255
777276
428799
506180
938235
939834
307579
580182
457875
772912
475523
962652
881730
153962
980425
786365
141700
625803
184036
742560
622515
916124
82373
451402
649116
336118
638067
49768
394100
74112
611472
22152
821349
46778
6661
634124
673013
853288
354761
453117
991844
768143
902414
334290
284227
682830
790854
302976